-5.552707612514495850e-02
-7.713390141725540161e-02
-3.906309977173805237e-02
8.387626707553863525e-02
6.557495146989822388e-02
-1.151410788297653198e-01
-1.370094418525695801e-01
6.558652967214584351e-02
1.129529625177383423e-02
1.155966222286224365e-01
1.073064655065536499e-01
-1.182434149086475372e-02
-3.012139350175857544e-02
-2.047453448176383972e-02
1.013001427054405212e-01
8.990212529897689819e-02
5.276542156934738159e-02
1.089224070310592651e-01
-2.136274427175521851e-02
1.007719263434410095e-01
-1.840935088694095612e-02
8.590339869260787964e-02
-1.210337057709693909e-01
-9.873414784669876099e-02
8.174244314432144165e-02
5.618379451334476471e-03
-8.423221856355667114e-02
-1.048309728503227234e-01
-2.883822284638881683e-02
2.807640284299850464e-02
-4.753201082348823547e-02
1.020792424678802490e-01
